/*--------------------------------*- C++ -*----------------------------------*\
| =========                 |                                                 |
| \\      /  F ield         | OpenFOAM: The Open Source CFD Toolbox           |
|  \\    /   O peration     | Version:  v2306                                 |
|   \\  /    A nd           | Website:  www.openfoam.com                      |
|    \\/     M anipulation  |                                                 |
\*---------------------------------------------------------------------------*/
FoamFile
{
    version     2.0;
    format      ascii;
    class       dictionary;
    object      blockMeshDict;
}
// * * * * * * * * * * * * * * * * * * * * * * * * * * * * * * * * * * * * * //

scale 0.01;

HAR 1;
GROOVE_HEIGHT -1.7;
ABSORB_WALL_HEIGHT 2.1;

vertices
(
    (0 2 0) // 0
    (0 2 1) // 1
    (0 0 0) // 2
    (0 0 1) // 3
    (0 2.1 0) // 4
    (0 2.1 1) // 5
    (1 2 0) // 6
    (1 2 1) // 7
    (1 0 0) // 8
    (1 0 1) // 9
    (1 2.1 0) // 10
    (1 2.1 1) // 11
    (4 2 0) // 12
    (4 2 1) // 13
    (4 0 0) // 14
    (4 0 1) // 15
    (4 2.1 0) // 16
    (4 2.1 1) // 17
    (5 2 0) // 18
    (5 2 1) // 19
    (5 0 0) // 20
    (5 0 1) // 21
    (5 2.1 0) // 22
    (5 2.1 1) // 23
    (6 2 0) // 24
    (6 2 1) // 25
    (6 0 0) // 26
    (6 0 1) // 27
    (6 2.1 0) // 28
    (6 2.1 1) // 29
    (9 2 0) // 30
    (9 2 1) // 31
    (9 0 0) // 32
    (9 0 1) // 33
    (9 2.1 0) // 34
    (9 2.1 1) // 35
    (10 2 0) // 36
    (10 2 1) // 37
    (10 0 0) // 38
    (10 0 1) // 39
    (10 2.1 0) // 40
    (10 2.1 1) // 41
    (11 2 0) // 42
    (11 2 1) // 43
    (11 0 0) // 44
    (11 0 1) // 45
    (11 2.1 0) // 46
    (11 2.1 1) // 47
    (14 2 0) // 48
    (14 2 1) // 49
    (14 0 0) // 50
    (14 0 1) // 51
    (14 2.1 0) // 52
    (14 2.1 1) // 53
    (15 2 0) // 54
    (15 2 1) // 55
    (15 0 0) // 56
    (15 0 1) // 57
    (15 2.1 0) // 58
    (15 2.1 1) // 59
    (16 2 0) // 60
    (16 2 1) // 61
    (16 0 0) // 62
    (16 0 1) // 63
    (16 2.1 0) // 64
    (16 2.1 1) // 65
    (19 2 0) // 66
    (19 2 1) // 67
    (19 0 0) // 68
    (19 0 1) // 69
    (19 2.1 0) // 70
    (19 2.1 1) // 71
    (20 2 0) // 72
    (20 2 1) // 73
    (20 0 0) // 74
    (20 0 1) // 75
    (20 2.1 0) // 76
    (20 2.1 1) // 77
    (21 2 0) // 78
    (21 2 1) // 79
    (21 0 0) // 80
    (21 0 1) // 81
    (21 2.1 0) // 82
    (21 2.1 1) // 83
    (24 2 0) // 84
    (24 2 1) // 85
    (24 0 0) // 86
    (24 0 1) // 87
    (24 2.1 0) // 88
    (24 2.1 1) // 89
    (25 2 0) // 90
    (25 2 1) // 91
    (25 0 0) // 92
    (25 0 1) // 93
    (25 2.1 0) // 94
    (25 2.1 1) // 95
    (26 2 0) // 96
    (26 2 1) // 97
    (26 0 0) // 98
    (26 0 1) // 99
    (26 2.1 0) // 100
    (26 2.1 1) // 101
    (29 2 0) // 102
    (29 2 1) // 103
    (29 0 0) // 104
    (29 0 1) // 105
    (29 2.1 0) // 106
    (29 2.1 1) // 107
    (30 2 0) // 108
    (30 2 1) // 109
    (30 0 0) // 110
    (30 0 1) // 111
    (30 2.1 0) // 112
    (30 2.1 1) // 113
    (31 2 0) // 114
    (31 2 1) // 115
    (31 0 0) // 116
    (31 0 1) // 117
    (31 2.1 0) // 118
    (31 2.1 1) // 119
    (34 2 0) // 120
    (34 2 1) // 121
    (34 0 0) // 122
    (34 0 1) // 123
    (34 2.1 0) // 124
    (34 2.1 1) // 125
    (35 2 0) // 126
    (35 2 1) // 127
    (35 0 0) // 128
    (35 0 1) // 129
    (35 2.1 0) // 130
    (35 2.1 1) // 131
    (36 2 0) // 132
    (36 2 1) // 133
    (36 0 0) // 134
    (36 0 1) // 135
    (36 2.1 0) // 136
    (36 2.1 1) // 137
    (39 2 0) // 138
    (39 2 1) // 139
    (39 0 0) // 140
    (39 0 1) // 141
    (39 2.1 0) // 142
    (39 2.1 1) // 143
    (40 2 0) // 144
    (40 2 1) // 145
    (40 0 0) // 146
    (40 0 1) // 147
    (40 2.1 0) // 148
    (40 2.1 1) // 149
    (41 2 0) // 150
    (41 2 1) // 151
    (41 0 0) // 152
    (41 0 1) // 153
    (41 2.1 0) // 154
    (41 2.1 1) // 155
    (44 2 0) // 156
    (44 2 1) // 157
    (44 0 0) // 158
    (44 0 1) // 159
    (44 2.1 0) // 160
    (44 2.1 1) // 161
    (45 2 0) // 162
    (45 2 1) // 163
    (45 0 0) // 164
    (45 0 1) // 165
    (45 2.1 0) // 166
    (45 2.1 1) // 167
    (46 2 0) // 168
    (46 2 1) // 169
    (46 0 0) // 170
    (46 0 1) // 171
    (46 2.1 0) // 172
    (46 2.1 1) // 173
    (49 2 0) // 174
    (49 2 1) // 175
    (49 0 0) // 176
    (49 0 1) // 177
    (49 2.1 0) // 178
    (49 2.1 1) // 179
    (50 2 0) // 180
    (50 2 1) // 181
    (50 0 0) // 182
    (50 0 1) // 183
    (50 2.1 0) // 184
    (50 2.1 1) // 185
    (51 2 0) // 186
    (51 2 1) // 187
    (51 0 0) // 188
    (51 0 1) // 189
    (51 2.1 0) // 190
    (51 2.1 1) // 191
    (54 2 0) // 192
    (54 2 1) // 193
    (54 0 0) // 194
    (54 0 1) // 195
    (54 2.1 0) // 196
    (54 2.1 1) // 197
    (55 2 0) // 198
    (55 2 1) // 199
    (55 0 0) // 200
    (55 0 1) // 201
    (55 2.1 0) // 202
    (55 2.1 1) // 203
    (56 2 0) // 204
    (56 2 1) // 205
    (56 0 0) // 206
    (56 0 1) // 207
    (56 2.1 0) // 208
    (56 2.1 1) // 209
    (59 2 0) // 210
    (59 2 1) // 211
    (59 0 0) // 212
    (59 0 1) // 213
    (59 2.1 0) // 214
    (59 2.1 1) // 215
    (60 2 0) // 216
    (60 2 1) // 217
    (60 0 0) // 218
    (60 0 1) // 219
    (60 2.1 0) // 220
    (60 2.1 1) // 221
    (61 2 0) // 222
    (61 2 1) // 223
    (61 0 0) // 224
    (61 0 1) // 225
    (61 2.1 0) // 226
    (61 2.1 1) // 227
    (64 2 0) // 228
    (64 2 1) // 229
    (64 0 0) // 230
    (64 0 1) // 231
    (64 2.1 0) // 232
    (64 2.1 1) // 233
    (65 2 0) // 234
    (65 2 1) // 235
    (65 0 0) // 236
    (65 0 1) // 237
    (65 2.1 0) // 238
    (65 2.1 1) // 239
    (66 2 0) // 240
    (66 2 1) // 241
    (66 0 0) // 242
    (66 0 1) // 243
    (66 2.1 0) // 244
    (66 2.1 1) // 245
    (69 2 0) // 246
    (69 2 1) // 247
    (69 0 0) // 248
    (69 0 1) // 249
    (69 2.1 0) // 250
    (69 2.1 1) // 251
    (70 2 0) // 252
    (70 2 1) // 253
    (70 0 0) // 254
    (70 0 1) // 255
    (70 2.1 0) // 256
    (70 2.1 1) // 257
    (71 2 0) // 258
    (71 2 1) // 259
    (71 0 0) // 260
    (71 0 1) // 261
    (71 2.1 0) // 262
    (71 2.1 1) // 263
    (74 2 0) // 264
    (74 2 1) // 265
    (74 0 0) // 266
    (74 0 1) // 267
    (74 2.1 0) // 268
    (74 2.1 1) // 269
    (75 2 0) // 270
    (75 2 1) // 271
    (75 0 0) // 272
    (75 0 1) // 273
    (75 2.1 0) // 274
    (75 2.1 1) // 275
    (76 2 0) // 276
    (76 2 1) // 277
    (76 0 0) // 278
    (76 0 1) // 279
    (76 2.1 0) // 280
    (76 2.1 1) // 281
    (79 2 0) // 282
    (79 2 1) // 283
    (79 0 0) // 284
    (79 0 1) // 285
    (79 2.1 0) // 286
    (79 2.1 1) // 287
    (80 2 0) // 288
    (80 2 1) // 289
    (80 0 0) // 290
    (80 0 1) // 291
    (80 2.1 0) // 292
    (80 2.1 1) // 293
    (81 2 0) // 294
    (81 2 1) // 295
    (81 0 0) // 296
    (81 0 1) // 297
    (81 2.1 0) // 298
    (81 2.1 1) // 299
    (84 2 0) // 300
    (84 2 1) // 301
    (84 0 0) // 302
    (84 0 1) // 303
    (84 2.1 0) // 304
    (84 2.1 1) // 305
    (85 2 0) // 306
    (85 2 1) // 307
    (85 0 0) // 308
    (85 0 1) // 309
    (85 2.1 0) // 310
    (85 2.1 1) // 311
    (86 2 0) // 312
    (86 2 1) // 313
    (86 0 0) // 314
    (86 0 1) // 315
    (86 2.1 0) // 316
    (86 2.1 1) // 317
    (89 2 0) // 318
    (89 2 1) // 319
    (89 0 0) // 320
    (89 0 1) // 321
    (89 2.1 0) // 322
    (89 2.1 1) // 323
    (90 2 0) // 324
    (90 2 1) // 325
    (90 0 0) // 326
    (90 0 1) // 327
    (90 2.1 0) // 328
    (90 2.1 1) // 329
    (91 2 0) // 330
    (91 2 1) // 331
    (91 0 0) // 332
    (91 0 1) // 333
    (91 2.1 0) // 334
    (91 2.1 1) // 335
    (94 2 0) // 336
    (94 2 1) // 337
    (94 0 0) // 338
    (94 0 1) // 339
    (94 2.1 0) // 340
    (94 2.1 1) // 341
    (95 2 0) // 342
    (95 2 1) // 343
    (95 0 0) // 344
    (95 0 1) // 345
    (95 2.1 0) // 346
    (95 2.1 1) // 347
    (96 2 0) // 348
    (96 2 1) // 349
    (96 0 0) // 350
    (96 0 1) // 351
    (96 2.1 0) // 352
    (96 2.1 1) // 353
    (99 2 0) // 354
    (99 2 1) // 355
    (99 0 0) // 356
    (99 0 1) // 357
    (99 2.1 0) // 358
    (99 2.1 1) // 359
    (100 2 0) // 360
    (100 2 1) // 361
    (100 0 0) // 362
    (100 0 1) // 363
    (100 2.1 0) // 364
    (100 2.1 1) // 365
    (1 -1.7 0) // 366
    (1 -1.7 1) // 367
    (4 -1.7 0) // 368
    (4 -1.7 1) // 369
    (6 -1.7 0) // 370
    (6 -1.7 1) // 371
    (9 -1.7 0) // 372
    (9 -1.7 1) // 373
    (11 -1.7 0) // 374
    (11 -1.7 1) // 375
    (14 -1.7 0) // 376
    (14 -1.7 1) // 377
    (16 -1.7 0) // 378
    (16 -1.7 1) // 379
    (19 -1.7 0) // 380
    (19 -1.7 1) // 381
    (21 -1.7 0) // 382
    (21 -1.7 1) // 383
    (24 -1.7 0) // 384
    (24 -1.7 1) // 385
    (26 -1.7 0) // 386
    (26 -1.7 1) // 387
    (29 -1.7 0) // 388
    (29 -1.7 1) // 389
    (31 -1.7 0) // 390
    (31 -1.7 1) // 391
    (34 -1.7 0) // 392
    (34 -1.7 1) // 393
    (36 -1.7 0) // 394
    (36 -1.7 1) // 395
    (39 -1.7 0) // 396
    (39 -1.7 1) // 397
    (41 -1.7 0) // 398
    (41 -1.7 1) // 399
    (44 -1.7 0) // 400
    (44 -1.7 1) // 401
    (46 -1.7 0) // 402
    (46 -1.7 1) // 403
    (49 -1.7 0) // 404
    (49 -1.7 1) // 405
    (51 -1.7 0) // 406
    (51 -1.7 1) // 407
    (54 -1.7 0) // 408
    (54 -1.7 1) // 409
    (56 -1.7 0) // 410
    (56 -1.7 1) // 411
    (59 -1.7 0) // 412
    (59 -1.7 1) // 413
    (61 -1.7 0) // 414
    (61 -1.7 1) // 415
    (64 -1.7 0) // 416
    (64 -1.7 1) // 417
    (66 -1.7 0) // 418
    (66 -1.7 1) // 419
    (69 -1.7 0) // 420
    (69 -1.7 1) // 421
    (71 -1.7 0) // 422
    (71 -1.7 1) // 423
    (74 -1.7 0) // 424
    (74 -1.7 1) // 425
    (76 -1.7 0) // 426
    (76 -1.7 1) // 427
    (79 -1.7 0) // 428
    (79 -1.7 1) // 429
    (81 -1.7 0) // 430
    (81 -1.7 1) // 431
    (84 -1.7 0) // 432
    (84 -1.7 1) // 433
    (86 -1.7 0) // 434
    (86 -1.7 1) // 435
    (89 -1.7 0) // 436
    (89 -1.7 1) // 437
    (91 -1.7 0) // 438
    (91 -1.7 1) // 439
    (94 -1.7 0) // 440
    (94 -1.7 1) // 441
    (96 -1.7 0) // 442
    (96 -1.7 1) // 443
    (99 -1.7 0) // 444
    (99 -1.7 1) // 445
);

blocks
(
    hex (2 8 6 0 3 9 7 1) channel (15 40 1) edgeGrading (.1 1 1 .1
        ((.5 .5 10)(.5 .5 .1)) ((.5 .5 10)(.5 .5 .1)) ((.5 .5 10)(.5 .5 .1)) ((.5 .5 10)(.5 .5 .1))
        1 1 1 1)

    hex (8 14 12 6 9 15 13 7) channel (45 40 1) edgeGrading (((.5 .5 10)(.5 .5 .1)) 1 1 ((.5 .5 10)(.5 .5 .1))
        ((.5 .5 10)(.5 .5 .1)) ((.5 .5 10)(.5 .5 .1)) ((.5 .5 10)(.5 .5 .1)) ((.5 .5 10)(.5 .5 .1))
        1 1 1 1)

    hex (14 20 18 12 15 21 19 13) channel (15 40 1) edgeGrading (10 1 1 10
        ((.5 .5 10)(.5 .5 .1)) ((.5 .5 10)(.5 .5 .1)) ((.5 .5 10)(.5 .5 .1)) ((.5 .5 10)(.5 .5 .1))
        1 1 1 1)

    hex (366 368 14 8 367 369 15 9) channel (45 40 1) edgeGrading (1 ((.5 .5 10)(.5 .5 .1)) ((.5 .5 10)(.5 .5 .1)) 1
        .1 .1 .1 .1
        1 1 1 1)

    hex (20 26 24 18 21 27 25 19) channel (15 40 1) edgeGrading (.1 1 1 .1
        ((.5 .5 10)(.5 .5 .1)) ((.5 .5 10)(.5 .5 .1)) ((.5 .5 10)(.5 .5 .1)) ((.5 .5 10)(.5 .5 .1))
        1 1 1 1)

    hex (26 32 30 24 27 33 31 25) channel (45 40 1) edgeGrading (((.5 .5 10)(.5 .5 .1)) 1 1 ((.5 .5 10)(.5 .5 .1))
        ((.5 .5 10)(.5 .5 .1)) ((.5 .5 10)(.5 .5 .1)) ((.5 .5 10)(.5 .5 .1)) ((.5 .5 10)(.5 .5 .1))
        1 1 1 1)

    hex (32 38 36 30 33 39 37 31) channel (15 40 1) edgeGrading (10 1 1 10
        ((.5 .5 10)(.5 .5 .1)) ((.5 .5 10)(.5 .5 .1)) ((.5 .5 10)(.5 .5 .1)) ((.5 .5 10)(.5 .5 .1))
        1 1 1 1)

    hex (370 372 32 26 371 373 33 27) channel (45 40 1) edgeGrading (1 ((.5 .5 10)(.5 .5 .1)) ((.5 .5 10)(.5 .5 .1)) 1
        .1 .1 .1 .1
        1 1 1 1)

    hex (38 44 42 36 39 45 43 37) channel (15 40 1) edgeGrading (.1 1 1 .1
        ((.5 .5 10)(.5 .5 .1)) ((.5 .5 10)(.5 .5 .1)) ((.5 .5 10)(.5 .5 .1)) ((.5 .5 10)(.5 .5 .1))
        1 1 1 1)

    hex (44 50 48 42 45 51 49 43) channel (45 40 1) edgeGrading (((.5 .5 10)(.5 .5 .1)) 1 1 ((.5 .5 10)(.5 .5 .1))
        ((.5 .5 10)(.5 .5 .1)) ((.5 .5 10)(.5 .5 .1)) ((.5 .5 10)(.5 .5 .1)) ((.5 .5 10)(.5 .5 .1))
        1 1 1 1)

    hex (50 56 54 48 51 57 55 49) channel (15 40 1) edgeGrading (10 1 1 10
        ((.5 .5 10)(.5 .5 .1)) ((.5 .5 10)(.5 .5 .1)) ((.5 .5 10)(.5 .5 .1)) ((.5 .5 10)(.5 .5 .1))
        1 1 1 1)

    hex (374 376 50 44 375 377 51 45) channel (45 40 1) edgeGrading (1 ((.5 .5 10)(.5 .5 .1)) ((.5 .5 10)(.5 .5 .1)) 1
        .1 .1 .1 .1
        1 1 1 1)

    hex (56 62 60 54 57 63 61 55) channel (15 40 1) edgeGrading (.1 1 1 .1
        ((.5 .5 10)(.5 .5 .1)) ((.5 .5 10)(.5 .5 .1)) ((.5 .5 10)(.5 .5 .1)) ((.5 .5 10)(.5 .5 .1))
        1 1 1 1)

    hex (62 68 66 60 63 69 67 61) channel (45 40 1) edgeGrading (((.5 .5 10)(.5 .5 .1)) 1 1 ((.5 .5 10)(.5 .5 .1))
        ((.5 .5 10)(.5 .5 .1)) ((.5 .5 10)(.5 .5 .1)) ((.5 .5 10)(.5 .5 .1)) ((.5 .5 10)(.5 .5 .1))
        1 1 1 1)

    hex (68 74 72 66 69 75 73 67) channel (15 40 1) edgeGrading (10 1 1 10
        ((.5 .5 10)(.5 .5 .1)) ((.5 .5 10)(.5 .5 .1)) ((.5 .5 10)(.5 .5 .1)) ((.5 .5 10)(.5 .5 .1))
        1 1 1 1)

    hex (378 380 68 62 379 381 69 63) channel (45 40 1) edgeGrading (1 ((.5 .5 10)(.5 .5 .1)) ((.5 .5 10)(.5 .5 .1)) 1
        .1 .1 .1 .1
        1 1 1 1)

    hex (74 80 78 72 75 81 79 73) channel (15 40 1) edgeGrading (.1 1 1 .1
        ((.5 .5 10)(.5 .5 .1)) ((.5 .5 10)(.5 .5 .1)) ((.5 .5 10)(.5 .5 .1)) ((.5 .5 10)(.5 .5 .1))
        1 1 1 1)

    hex (80 86 84 78 81 87 85 79) channel (45 40 1) edgeGrading (((.5 .5 10)(.5 .5 .1)) 1 1 ((.5 .5 10)(.5 .5 .1))
        ((.5 .5 10)(.5 .5 .1)) ((.5 .5 10)(.5 .5 .1)) ((.5 .5 10)(.5 .5 .1)) ((.5 .5 10)(.5 .5 .1))
        1 1 1 1)

    hex (86 92 90 84 87 93 91 85) channel (15 40 1) edgeGrading (10 1 1 10
        ((.5 .5 10)(.5 .5 .1)) ((.5 .5 10)(.5 .5 .1)) ((.5 .5 10)(.5 .5 .1)) ((.5 .5 10)(.5 .5 .1))
        1 1 1 1)

    hex (382 384 86 80 383 385 87 81) channel (45 40 1) edgeGrading (1 ((.5 .5 10)(.5 .5 .1)) ((.5 .5 10)(.5 .5 .1)) 1
        .1 .1 .1 .1
        1 1 1 1)

    hex (92 98 96 90 93 99 97 91) channel (15 40 1) edgeGrading (.1 1 1 .1
        ((.5 .5 10)(.5 .5 .1)) ((.5 .5 10)(.5 .5 .1)) ((.5 .5 10)(.5 .5 .1)) ((.5 .5 10)(.5 .5 .1))
        1 1 1 1)

    hex (98 104 102 96 99 105 103 97) channel (45 40 1) edgeGrading (((.5 .5 10)(.5 .5 .1)) 1 1 ((.5 .5 10)(.5 .5 .1))
        ((.5 .5 10)(.5 .5 .1)) ((.5 .5 10)(.5 .5 .1)) ((.5 .5 10)(.5 .5 .1)) ((.5 .5 10)(.5 .5 .1))
        1 1 1 1)

    hex (104 110 108 102 105 111 109 103) channel (15 40 1) edgeGrading (10 1 1 10
        ((.5 .5 10)(.5 .5 .1)) ((.5 .5 10)(.5 .5 .1)) ((.5 .5 10)(.5 .5 .1)) ((.5 .5 10)(.5 .5 .1))
        1 1 1 1)

    hex (386 388 104 98 387 389 105 99) channel (45 40 1) edgeGrading (1 ((.5 .5 10)(.5 .5 .1)) ((.5 .5 10)(.5 .5 .1)) 1
        .1 .1 .1 .1
        1 1 1 1)

    hex (110 116 114 108 111 117 115 109) channel (15 40 1) edgeGrading (.1 1 1 .1
        ((.5 .5 10)(.5 .5 .1)) ((.5 .5 10)(.5 .5 .1)) ((.5 .5 10)(.5 .5 .1)) ((.5 .5 10)(.5 .5 .1))
        1 1 1 1)

    hex (116 122 120 114 117 123 121 115) channel (45 40 1) edgeGrading (((.5 .5 10)(.5 .5 .1)) 1 1 ((.5 .5 10)(.5 .5 .1))
        ((.5 .5 10)(.5 .5 .1)) ((.5 .5 10)(.5 .5 .1)) ((.5 .5 10)(.5 .5 .1)) ((.5 .5 10)(.5 .5 .1))
        1 1 1 1)

    hex (122 128 126 120 123 129 127 121) channel (15 40 1) edgeGrading (10 1 1 10
        ((.5 .5 10)(.5 .5 .1)) ((.5 .5 10)(.5 .5 .1)) ((.5 .5 10)(.5 .5 .1)) ((.5 .5 10)(.5 .5 .1))
        1 1 1 1)

    hex (390 392 122 116 391 393 123 117) channel (45 40 1) edgeGrading (1 ((.5 .5 10)(.5 .5 .1)) ((.5 .5 10)(.5 .5 .1)) 1
        .1 .1 .1 .1
        1 1 1 1)

    hex (128 134 132 126 129 135 133 127) channel (15 40 1) edgeGrading (.1 1 1 .1
        ((.5 .5 10)(.5 .5 .1)) ((.5 .5 10)(.5 .5 .1)) ((.5 .5 10)(.5 .5 .1)) ((.5 .5 10)(.5 .5 .1))
        1 1 1 1)

    hex (134 140 138 132 135 141 139 133) channel (45 40 1) edgeGrading (((.5 .5 10)(.5 .5 .1)) 1 1 ((.5 .5 10)(.5 .5 .1))
        ((.5 .5 10)(.5 .5 .1)) ((.5 .5 10)(.5 .5 .1)) ((.5 .5 10)(.5 .5 .1)) ((.5 .5 10)(.5 .5 .1))
        1 1 1 1)

    hex (140 146 144 138 141 147 145 139) channel (15 40 1) edgeGrading (10 1 1 10
        ((.5 .5 10)(.5 .5 .1)) ((.5 .5 10)(.5 .5 .1)) ((.5 .5 10)(.5 .5 .1)) ((.5 .5 10)(.5 .5 .1))
        1 1 1 1)

    hex (394 396 140 134 395 397 141 135) channel (45 40 1) edgeGrading (1 ((.5 .5 10)(.5 .5 .1)) ((.5 .5 10)(.5 .5 .1)) 1
        .1 .1 .1 .1
        1 1 1 1)

    hex (146 152 150 144 147 153 151 145) channel (15 40 1) edgeGrading (.1 1 1 .1
        ((.5 .5 10)(.5 .5 .1)) ((.5 .5 10)(.5 .5 .1)) ((.5 .5 10)(.5 .5 .1)) ((.5 .5 10)(.5 .5 .1))
        1 1 1 1)

    hex (152 158 156 150 153 159 157 151) channel (45 40 1) edgeGrading (((.5 .5 10)(.5 .5 .1)) 1 1 ((.5 .5 10)(.5 .5 .1))
        ((.5 .5 10)(.5 .5 .1)) ((.5 .5 10)(.5 .5 .1)) ((.5 .5 10)(.5 .5 .1)) ((.5 .5 10)(.5 .5 .1))
        1 1 1 1)

    hex (158 164 162 156 159 165 163 157) channel (15 40 1) edgeGrading (10 1 1 10
        ((.5 .5 10)(.5 .5 .1)) ((.5 .5 10)(.5 .5 .1)) ((.5 .5 10)(.5 .5 .1)) ((.5 .5 10)(.5 .5 .1))
        1 1 1 1)

    hex (398 400 158 152 399 401 159 153) channel (45 40 1) edgeGrading (1 ((.5 .5 10)(.5 .5 .1)) ((.5 .5 10)(.5 .5 .1)) 1
        .1 .1 .1 .1
        1 1 1 1)

    hex (164 170 168 162 165 171 169 163) channel (15 40 1) edgeGrading (.1 1 1 .1
        ((.5 .5 10)(.5 .5 .1)) ((.5 .5 10)(.5 .5 .1)) ((.5 .5 10)(.5 .5 .1)) ((.5 .5 10)(.5 .5 .1))
        1 1 1 1)

    hex (170 176 174 168 171 177 175 169) channel (45 40 1) edgeGrading (((.5 .5 10)(.5 .5 .1)) 1 1 ((.5 .5 10)(.5 .5 .1))
        ((.5 .5 10)(.5 .5 .1)) ((.5 .5 10)(.5 .5 .1)) ((.5 .5 10)(.5 .5 .1)) ((.5 .5 10)(.5 .5 .1))
        1 1 1 1)

    hex (176 182 180 174 177 183 181 175) channel (15 40 1) edgeGrading (10 1 1 10
        ((.5 .5 10)(.5 .5 .1)) ((.5 .5 10)(.5 .5 .1)) ((.5 .5 10)(.5 .5 .1)) ((.5 .5 10)(.5 .5 .1))
        1 1 1 1)

    hex (402 404 176 170 403 405 177 171) channel (45 40 1) edgeGrading (1 ((.5 .5 10)(.5 .5 .1)) ((.5 .5 10)(.5 .5 .1)) 1
        .1 .1 .1 .1
        1 1 1 1)

    hex (182 188 186 180 183 189 187 181) channel (15 40 1) edgeGrading (.1 1 1 .1
        ((.5 .5 10)(.5 .5 .1)) ((.5 .5 10)(.5 .5 .1)) ((.5 .5 10)(.5 .5 .1)) ((.5 .5 10)(.5 .5 .1))
        1 1 1 1)

    hex (188 194 192 186 189 195 193 187) channel (45 40 1) edgeGrading (((.5 .5 10)(.5 .5 .1)) 1 1 ((.5 .5 10)(.5 .5 .1))
        ((.5 .5 10)(.5 .5 .1)) ((.5 .5 10)(.5 .5 .1)) ((.5 .5 10)(.5 .5 .1)) ((.5 .5 10)(.5 .5 .1))
        1 1 1 1)

    hex (194 200 198 192 195 201 199 193) channel (15 40 1) edgeGrading (10 1 1 10
        ((.5 .5 10)(.5 .5 .1)) ((.5 .5 10)(.5 .5 .1)) ((.5 .5 10)(.5 .5 .1)) ((.5 .5 10)(.5 .5 .1))
        1 1 1 1)

    hex (406 408 194 188 407 409 195 189) channel (45 40 1) edgeGrading (1 ((.5 .5 10)(.5 .5 .1)) ((.5 .5 10)(.5 .5 .1)) 1
        .1 .1 .1 .1
        1 1 1 1)

    hex (200 206 204 198 201 207 205 199) channel (15 40 1) edgeGrading (.1 1 1 .1
        ((.5 .5 10)(.5 .5 .1)) ((.5 .5 10)(.5 .5 .1)) ((.5 .5 10)(.5 .5 .1)) ((.5 .5 10)(.5 .5 .1))
        1 1 1 1)

    hex (206 212 210 204 207 213 211 205) channel (45 40 1) edgeGrading (((.5 .5 10)(.5 .5 .1)) 1 1 ((.5 .5 10)(.5 .5 .1))
        ((.5 .5 10)(.5 .5 .1)) ((.5 .5 10)(.5 .5 .1)) ((.5 .5 10)(.5 .5 .1)) ((.5 .5 10)(.5 .5 .1))
        1 1 1 1)

    hex (212 218 216 210 213 219 217 211) channel (15 40 1) edgeGrading (10 1 1 10
        ((.5 .5 10)(.5 .5 .1)) ((.5 .5 10)(.5 .5 .1)) ((.5 .5 10)(.5 .5 .1)) ((.5 .5 10)(.5 .5 .1))
        1 1 1 1)

    hex (410 412 212 206 411 413 213 207) channel (45 40 1) edgeGrading (1 ((.5 .5 10)(.5 .5 .1)) ((.5 .5 10)(.5 .5 .1)) 1
        .1 .1 .1 .1
        1 1 1 1)

    hex (218 224 222 216 219 225 223 217) channel (15 40 1) edgeGrading (.1 1 1 .1
        ((.5 .5 10)(.5 .5 .1)) ((.5 .5 10)(.5 .5 .1)) ((.5 .5 10)(.5 .5 .1)) ((.5 .5 10)(.5 .5 .1))
        1 1 1 1)

    hex (224 230 228 222 225 231 229 223) channel (45 40 1) edgeGrading (((.5 .5 10)(.5 .5 .1)) 1 1 ((.5 .5 10)(.5 .5 .1))
        ((.5 .5 10)(.5 .5 .1)) ((.5 .5 10)(.5 .5 .1)) ((.5 .5 10)(.5 .5 .1)) ((.5 .5 10)(.5 .5 .1))
        1 1 1 1)

    hex (230 236 234 228 231 237 235 229) channel (15 40 1) edgeGrading (10 1 1 10
        ((.5 .5 10)(.5 .5 .1)) ((.5 .5 10)(.5 .5 .1)) ((.5 .5 10)(.5 .5 .1)) ((.5 .5 10)(.5 .5 .1))
        1 1 1 1)

    hex (414 416 230 224 415 417 231 225) channel (45 40 1) edgeGrading (1 ((.5 .5 10)(.5 .5 .1)) ((.5 .5 10)(.5 .5 .1)) 1
        .1 .1 .1 .1
        1 1 1 1)

    hex (236 242 240 234 237 243 241 235) channel (15 40 1) edgeGrading (.1 1 1 .1
        ((.5 .5 10)(.5 .5 .1)) ((.5 .5 10)(.5 .5 .1)) ((.5 .5 10)(.5 .5 .1)) ((.5 .5 10)(.5 .5 .1))
        1 1 1 1)

    hex (242 248 246 240 243 249 247 241) channel (45 40 1) edgeGrading (((.5 .5 10)(.5 .5 .1)) 1 1 ((.5 .5 10)(.5 .5 .1))
        ((.5 .5 10)(.5 .5 .1)) ((.5 .5 10)(.5 .5 .1)) ((.5 .5 10)(.5 .5 .1)) ((.5 .5 10)(.5 .5 .1))
        1 1 1 1)

    hex (248 254 252 246 249 255 253 247) channel (15 40 1) edgeGrading (10 1 1 10
        ((.5 .5 10)(.5 .5 .1)) ((.5 .5 10)(.5 .5 .1)) ((.5 .5 10)(.5 .5 .1)) ((.5 .5 10)(.5 .5 .1))
        1 1 1 1)

    hex (418 420 248 242 419 421 249 243) channel (45 40 1) edgeGrading (1 ((.5 .5 10)(.5 .5 .1)) ((.5 .5 10)(.5 .5 .1)) 1
        .1 .1 .1 .1
        1 1 1 1)

    hex (254 260 258 252 255 261 259 253) channel (15 40 1) edgeGrading (.1 1 1 .1
        ((.5 .5 10)(.5 .5 .1)) ((.5 .5 10)(.5 .5 .1)) ((.5 .5 10)(.5 .5 .1)) ((.5 .5 10)(.5 .5 .1))
        1 1 1 1)

    hex (260 266 264 258 261 267 265 259) channel (45 40 1) edgeGrading (((.5 .5 10)(.5 .5 .1)) 1 1 ((.5 .5 10)(.5 .5 .1))
        ((.5 .5 10)(.5 .5 .1)) ((.5 .5 10)(.5 .5 .1)) ((.5 .5 10)(.5 .5 .1)) ((.5 .5 10)(.5 .5 .1))
        1 1 1 1)

    hex (266 272 270 264 267 273 271 265) channel (15 40 1) edgeGrading (10 1 1 10
        ((.5 .5 10)(.5 .5 .1)) ((.5 .5 10)(.5 .5 .1)) ((.5 .5 10)(.5 .5 .1)) ((.5 .5 10)(.5 .5 .1))
        1 1 1 1)

    hex (422 424 266 260 423 425 267 261) channel (45 40 1) edgeGrading (1 ((.5 .5 10)(.5 .5 .1)) ((.5 .5 10)(.5 .5 .1)) 1
        .1 .1 .1 .1
        1 1 1 1)

    hex (272 278 276 270 273 279 277 271) channel (15 40 1) edgeGrading (.1 1 1 .1
        ((.5 .5 10)(.5 .5 .1)) ((.5 .5 10)(.5 .5 .1)) ((.5 .5 10)(.5 .5 .1)) ((.5 .5 10)(.5 .5 .1))
        1 1 1 1)

    hex (278 284 282 276 279 285 283 277) channel (45 40 1) edgeGrading (((.5 .5 10)(.5 .5 .1)) 1 1 ((.5 .5 10)(.5 .5 .1))
        ((.5 .5 10)(.5 .5 .1)) ((.5 .5 10)(.5 .5 .1)) ((.5 .5 10)(.5 .5 .1)) ((.5 .5 10)(.5 .5 .1))
        1 1 1 1)

    hex (284 290 288 282 285 291 289 283) channel (15 40 1) edgeGrading (10 1 1 10
        ((.5 .5 10)(.5 .5 .1)) ((.5 .5 10)(.5 .5 .1)) ((.5 .5 10)(.5 .5 .1)) ((.5 .5 10)(.5 .5 .1))
        1 1 1 1)

    hex (426 428 284 278 427 429 285 279) channel (45 40 1) edgeGrading (1 ((.5 .5 10)(.5 .5 .1)) ((.5 .5 10)(.5 .5 .1)) 1
        .1 .1 .1 .1
        1 1 1 1)

    hex (290 296 294 288 291 297 295 289) channel (15 40 1) edgeGrading (.1 1 1 .1
        ((.5 .5 10)(.5 .5 .1)) ((.5 .5 10)(.5 .5 .1)) ((.5 .5 10)(.5 .5 .1)) ((.5 .5 10)(.5 .5 .1))
        1 1 1 1)

    hex (296 302 300 294 297 303 301 295) channel (45 40 1) edgeGrading (((.5 .5 10)(.5 .5 .1)) 1 1 ((.5 .5 10)(.5 .5 .1))
        ((.5 .5 10)(.5 .5 .1)) ((.5 .5 10)(.5 .5 .1)) ((.5 .5 10)(.5 .5 .1)) ((.5 .5 10)(.5 .5 .1))
        1 1 1 1)

    hex (302 308 306 300 303 309 307 301) channel (15 40 1) edgeGrading (10 1 1 10
        ((.5 .5 10)(.5 .5 .1)) ((.5 .5 10)(.5 .5 .1)) ((.5 .5 10)(.5 .5 .1)) ((.5 .5 10)(.5 .5 .1))
        1 1 1 1)

    hex (430 432 302 296 431 433 303 297) channel (45 40 1) edgeGrading (1 ((.5 .5 10)(.5 .5 .1)) ((.5 .5 10)(.5 .5 .1)) 1
        .1 .1 .1 .1
        1 1 1 1)

    hex (308 314 312 306 309 315 313 307) channel (15 40 1) edgeGrading (.1 1 1 .1
        ((.5 .5 10)(.5 .5 .1)) ((.5 .5 10)(.5 .5 .1)) ((.5 .5 10)(.5 .5 .1)) ((.5 .5 10)(.5 .5 .1))
        1 1 1 1)

    hex (314 320 318 312 315 321 319 313) channel (45 40 1) edgeGrading (((.5 .5 10)(.5 .5 .1)) 1 1 ((.5 .5 10)(.5 .5 .1))
        ((.5 .5 10)(.5 .5 .1)) ((.5 .5 10)(.5 .5 .1)) ((.5 .5 10)(.5 .5 .1)) ((.5 .5 10)(.5 .5 .1))
        1 1 1 1)

    hex (320 326 324 318 321 327 325 319) channel (15 40 1) edgeGrading (10 1 1 10
        ((.5 .5 10)(.5 .5 .1)) ((.5 .5 10)(.5 .5 .1)) ((.5 .5 10)(.5 .5 .1)) ((.5 .5 10)(.5 .5 .1))
        1 1 1 1)

    hex (434 436 320 314 435 437 321 315) channel (45 40 1) edgeGrading (1 ((.5 .5 10)(.5 .5 .1)) ((.5 .5 10)(.5 .5 .1)) 1
        .1 .1 .1 .1
        1 1 1 1)

    hex (326 332 330 324 327 333 331 325) channel (15 40 1) edgeGrading (.1 1 1 .1
        ((.5 .5 10)(.5 .5 .1)) ((.5 .5 10)(.5 .5 .1)) ((.5 .5 10)(.5 .5 .1)) ((.5 .5 10)(.5 .5 .1))
        1 1 1 1)

    hex (332 338 336 330 333 339 337 331) channel (45 40 1) edgeGrading (((.5 .5 10)(.5 .5 .1)) 1 1 ((.5 .5 10)(.5 .5 .1))
        ((.5 .5 10)(.5 .5 .1)) ((.5 .5 10)(.5 .5 .1)) ((.5 .5 10)(.5 .5 .1)) ((.5 .5 10)(.5 .5 .1))
        1 1 1 1)

    hex (338 344 342 336 339 345 343 337) channel (15 40 1) edgeGrading (10 1 1 10
        ((.5 .5 10)(.5 .5 .1)) ((.5 .5 10)(.5 .5 .1)) ((.5 .5 10)(.5 .5 .1)) ((.5 .5 10)(.5 .5 .1))
        1 1 1 1)

    hex (438 440 338 332 439 441 339 333) channel (45 40 1) edgeGrading (1 ((.5 .5 10)(.5 .5 .1)) ((.5 .5 10)(.5 .5 .1)) 1
        .1 .1 .1 .1
        1 1 1 1)

    hex (344 350 348 342 345 351 349 343) channel (15 40 1) edgeGrading (.1 1 1 .1
        ((.5 .5 10)(.5 .5 .1)) ((.5 .5 10)(.5 .5 .1)) ((.5 .5 10)(.5 .5 .1)) ((.5 .5 10)(.5 .5 .1))
        1 1 1 1)

    hex (350 356 354 348 351 357 355 349) channel (45 40 1) edgeGrading (((.5 .5 10)(.5 .5 .1)) 1 1 ((.5 .5 10)(.5 .5 .1))
        ((.5 .5 10)(.5 .5 .1)) ((.5 .5 10)(.5 .5 .1)) ((.5 .5 10)(.5 .5 .1)) ((.5 .5 10)(.5 .5 .1))
        1 1 1 1)

    hex (356 362 360 354 357 363 361 355) channel (15 40 1) edgeGrading (10 1 1 10
        ((.5 .5 10)(.5 .5 .1)) ((.5 .5 10)(.5 .5 .1)) ((.5 .5 10)(.5 .5 .1)) ((.5 .5 10)(.5 .5 .1))
        1 1 1 1)

    hex (442 444 356 350 443 445 357 351) channel (45 40 1) edgeGrading (1 ((.5 .5 10)(.5 .5 .1)) ((.5 .5 10)(.5 .5 .1)) 1
        .1 .1 .1 .1
        1 1 1 1)

    hex (0 6 10 4 1 7 11 5) wall (15 5 1) simpleGrading (1 1 1)
    hex (6 12 16 10 7 13 17 11) wall (45 5 1) simpleGrading (1 1 1)
    hex (12 18 22 16 13 19 23 17) wall (15 5 1) simpleGrading (1 1 1)
    hex (18 24 28 22 19 25 29 23) wall (15 5 1) simpleGrading (1 1 1)
    hex (24 30 34 28 25 31 35 29) wall (45 5 1) simpleGrading (1 1 1)
    hex (30 36 40 34 31 37 41 35) wall (15 5 1) simpleGrading (1 1 1)
    hex (36 42 46 40 37 43 47 41) wall (15 5 1) simpleGrading (1 1 1)
    hex (42 48 52 46 43 49 53 47) wall (45 5 1) simpleGrading (1 1 1)
    hex (48 54 58 52 49 55 59 53) wall (15 5 1) simpleGrading (1 1 1)
    hex (54 60 64 58 55 61 65 59) wall (15 5 1) simpleGrading (1 1 1)
    hex (60 66 70 64 61 67 71 65) wall (45 5 1) simpleGrading (1 1 1)
    hex (66 72 76 70 67 73 77 71) wall (15 5 1) simpleGrading (1 1 1)
    hex (72 78 82 76 73 79 83 77) wall (15 5 1) simpleGrading (1 1 1)
    hex (78 84 88 82 79 85 89 83) wall (45 5 1) simpleGrading (1 1 1)
    hex (84 90 94 88 85 91 95 89) wall (15 5 1) simpleGrading (1 1 1)
    hex (90 96 100 94 91 97 101 95) wall (15 5 1) simpleGrading (1 1 1)
    hex (96 102 106 100 97 103 107 101) wall (45 5 1) simpleGrading (1 1 1)
    hex (102 108 112 106 103 109 113 107) wall (15 5 1) simpleGrading (1 1 1)
    hex (108 114 118 112 109 115 119 113) wall (15 5 1) simpleGrading (1 1 1)
    hex (114 120 124 118 115 121 125 119) wall (45 5 1) simpleGrading (1 1 1)
    hex (120 126 130 124 121 127 131 125) wall (15 5 1) simpleGrading (1 1 1)
    hex (126 132 136 130 127 133 137 131) wall (15 5 1) simpleGrading (1 1 1)
    hex (132 138 142 136 133 139 143 137) wall (45 5 1) simpleGrading (1 1 1)
    hex (138 144 148 142 139 145 149 143) wall (15 5 1) simpleGrading (1 1 1)
    hex (144 150 154 148 145 151 155 149) wall (15 5 1) simpleGrading (1 1 1)
    hex (150 156 160 154 151 157 161 155) wall (45 5 1) simpleGrading (1 1 1)
    hex (156 162 166 160 157 163 167 161) wall (15 5 1) simpleGrading (1 1 1)
    hex (162 168 172 166 163 169 173 167) wall (15 5 1) simpleGrading (1 1 1)
    hex (168 174 178 172 169 175 179 173) wall (45 5 1) simpleGrading (1 1 1)
    hex (174 180 184 178 175 181 185 179) wall (15 5 1) simpleGrading (1 1 1)
    hex (180 186 190 184 181 187 191 185) wall (15 5 1) simpleGrading (1 1 1)
    hex (186 192 196 190 187 193 197 191) wall (45 5 1) simpleGrading (1 1 1)
    hex (192 198 202 196 193 199 203 197) wall (15 5 1) simpleGrading (1 1 1)
    hex (198 204 208 202 199 205 209 203) wall (15 5 1) simpleGrading (1 1 1)
    hex (204 210 214 208 205 211 215 209) wall (45 5 1) simpleGrading (1 1 1)
    hex (210 216 220 214 211 217 221 215) wall (15 5 1) simpleGrading (1 1 1)
    hex (216 222 226 220 217 223 227 221) wall (15 5 1) simpleGrading (1 1 1)
    hex (222 228 232 226 223 229 233 227) wall (45 5 1) simpleGrading (1 1 1)
    hex (228 234 238 232 229 235 239 233) wall (15 5 1) simpleGrading (1 1 1)
    hex (234 240 244 238 235 241 245 239) wall (15 5 1) simpleGrading (1 1 1)
    hex (240 246 250 244 241 247 251 245) wall (45 5 1) simpleGrading (1 1 1)
    hex (246 252 256 250 247 253 257 251) wall (15 5 1) simpleGrading (1 1 1)
    hex (252 258 262 256 253 259 263 257) wall (15 5 1) simpleGrading (1 1 1)
    hex (258 264 268 262 259 265 269 263) wall (45 5 1) simpleGrading (1 1 1)
    hex (264 270 274 268 265 271 275 269) wall (15 5 1) simpleGrading (1 1 1)
    hex (270 276 280 274 271 277 281 275) wall (15 5 1) simpleGrading (1 1 1)
    hex (276 282 286 280 277 283 287 281) wall (45 5 1) simpleGrading (1 1 1)
    hex (282 288 292 286 283 289 293 287) wall (15 5 1) simpleGrading (1 1 1)
    hex (288 294 298 292 289 295 299 293) wall (15 5 1) simpleGrading (1 1 1)
    hex (294 300 304 298 295 301 305 299) wall (45 5 1) simpleGrading (1 1 1)
    hex (300 306 310 304 301 307 311 305) wall (15 5 1) simpleGrading (1 1 1)
    hex (306 312 316 310 307 313 317 311) wall (15 5 1) simpleGrading (1 1 1)
    hex (312 318 322 316 313 319 323 317) wall (45 5 1) simpleGrading (1 1 1)
    hex (318 324 328 322 319 325 329 323) wall (15 5 1) simpleGrading (1 1 1)
    hex (324 330 334 328 325 331 335 329) wall (15 5 1) simpleGrading (1 1 1)
    hex (330 336 340 334 331 337 341 335) wall (45 5 1) simpleGrading (1 1 1)
    hex (336 342 346 340 337 343 347 341) wall (15 5 1) simpleGrading (1 1 1)
    hex (342 348 352 346 343 349 353 347) wall (15 5 1) simpleGrading (1 1 1)
    hex (348 354 358 352 349 355 359 353) wall (45 5 1) simpleGrading (1 1 1)
    hex (354 360 364 358 355 361 365 359) wall (15 5 1) simpleGrading (1 1 1)
);

edges
(
);

boundary
(
    inlet
    {
        type patch;
        faces
        (
            (2 0 1 3)
        );
    }
    outlet
    {
        type patch;
        faces
        (
            (362 360 361 363)
        );
    }
    top
    {
        type patch;
        faces
        (
            (4 10 11 5)
            (10 16 17 11)
            (16 22 23 17)
            (22 28 29 23)
            (28 34 35 29)
            (34 40 41 35)
            (40 46 47 41)
            (46 52 53 47)
            (52 58 59 53)
            (58 64 65 59)
            (64 70 71 65)
            (70 76 77 71)
            (76 82 83 77)
            (82 88 89 83)
            (88 94 95 89)
            (94 100 101 95)
            (100 106 107 101)
            (106 112 113 107)
            (112 118 119 113)
            (118 124 125 119)
            (124 130 131 125)
            (130 136 137 131)
            (136 142 143 137)
            (142 148 149 143)
            (148 154 155 149)
            (154 160 161 155)
            (160 166 167 161)
            (166 172 173 167)
            (172 178 179 173)
            (178 184 185 179)
            (184 190 191 185)
            (190 196 197 191)
            (196 202 203 197)
            (202 208 209 203)
            (208 214 215 209)
            (214 220 221 215)
            (220 226 227 221)
            (226 232 233 227)
            (232 238 239 233)
            (238 244 245 239)
            (244 250 251 245)
            (250 256 257 251)
            (256 262 263 257)
            (262 268 269 263)
            (268 274 275 269)
            (274 280 281 275)
            (280 286 287 281)
            (286 292 293 287)
            (292 298 299 293)
            (298 304 305 299)
            (304 310 311 305)
            (310 316 317 311)
            (316 322 323 317)
            (322 328 329 323)
            (328 334 335 329)
            (334 340 341 335)
            (340 346 347 341)
            (346 352 353 347)
            (352 358 359 353)
            (358 364 365 359)
        );
    }
    bottom
    {
        type patch;
        faces
        (
            (3 9 8 2)
            (15 21 20 14)
            (367 369 368 366)
            (366 8 9 367)
            (368 14 15 369)
            (21 27 26 20)
            (33 39 38 32)
            (371 373 372 370)
            (370 26 27 371)
            (372 32 33 373)
            (39 45 44 38)
            (51 57 56 50)
            (375 377 376 374)
            (374 44 45 375)
            (376 50 51 377)
            (57 63 62 56)
            (69 75 74 68)
            (379 381 380 378)
            (378 62 63 379)
            (380 68 69 381)
            (75 81 80 74)
            (87 93 92 86)
            (383 385 384 382)
            (382 80 81 383)
            (384 86 87 385)
            (93 99 98 92)
            (105 111 110 104)
            (387 389 388 386)
            (386 98 99 387)
            (388 104 105 389)
            (111 117 116 110)
            (123 129 128 122)
            (391 393 392 390)
            (390 116 117 391)
            (392 122 123 393)
            (129 135 134 128)
            (141 147 146 140)
            (395 397 396 394)
            (394 134 135 395)
            (396 140 141 397)
            (147 153 152 146)
            (159 165 164 158)
            (399 401 400 398)
            (398 152 153 399)
            (400 158 159 401)
            (165 171 170 164)
            (177 183 182 176)
            (403 405 404 402)
            (402 170 171 403)
            (404 176 177 405)
            (183 189 188 182)
            (195 201 200 194)
            (407 409 408 406)
            (406 188 189 407)
            (408 194 195 409)
            (201 207 206 200)
            (213 219 218 212)
            (411 413 412 410)
            (410 206 207 411)
            (412 212 213 413)
            (219 225 224 218)
            (231 237 236 230)
            (415 417 416 414)
            (414 224 225 415)
            (416 230 231 417)
            (237 243 242 236)
            (249 255 254 248)
            (419 421 420 418)
            (418 242 243 419)
            (420 248 249 421)
            (255 261 260 254)
            (267 273 272 266)
            (423 425 424 422)
            (422 260 261 423)
            (424 266 267 425)
            (273 279 278 272)
            (285 291 290 284)
            (427 429 428 426)
            (426 278 279 427)
            (428 284 285 429)
            (291 297 296 290)
            (303 309 308 302)
            (431 433 432 430)
            (430 296 297 431)
            (432 302 303 433)
            (309 315 314 308)
            (321 327 326 320)
            (435 437 436 434)
            (434 314 315 435)
            (436 320 321 437)
            (327 333 332 326)
            (339 345 344 338)
            (439 441 440 438)
            (438 332 333 439)
            (440 338 339 441)
            (345 351 350 344)
            (357 363 362 356)
            (443 445 444 442)
            (442 350 351 443)
            (444 356 357 445)
        );
    }
    wallSides
    {
        type wall;
        faces
        (
            (1 0 4 5)
            (361 360 364 365)
        );
    }
    frontAndBackPlanes
    {
        type empty;
        faces
        (
            (2 8 6 0)
            (3 9 7 1)
            (8 14 12 6)
            (9 15 13 7)
            (14 20 18 12)
            (15 21 19 13)
            (366 368 14 8)
            (367 369 15 9)
            (20 26 24 18)
            (21 27 25 19)
            (26 32 30 24)
            (27 33 31 25)
            (32 38 36 30)
            (33 39 37 31)
            (370 372 32 26)
            (371 373 33 27)
            (38 44 42 36)
            (39 45 43 37)
            (44 50 48 42)
            (45 51 49 43)
            (50 56 54 48)
            (51 57 55 49)
            (374 376 50 44)
            (375 377 51 45)
            (56 62 60 54)
            (57 63 61 55)
            (62 68 66 60)
            (63 69 67 61)
            (68 74 72 66)
            (69 75 73 67)
            (378 380 68 62)
            (379 381 69 63)
            (74 80 78 72)
            (75 81 79 73)
            (80 86 84 78)
            (81 87 85 79)
            (86 92 90 84)
            (87 93 91 85)
            (382 384 86 80)
            (383 385 87 81)
            (92 98 96 90)
            (93 99 97 91)
            (98 104 102 96)
            (99 105 103 97)
            (104 110 108 102)
            (105 111 109 103)
            (386 388 104 98)
            (387 389 105 99)
            (110 116 114 108)
            (111 117 115 109)
            (116 122 120 114)
            (117 123 121 115)
            (122 128 126 120)
            (123 129 127 121)
            (390 392 122 116)
            (391 393 123 117)
            (128 134 132 126)
            (129 135 133 127)
            (134 140 138 132)
            (135 141 139 133)
            (140 146 144 138)
            (141 147 145 139)
            (394 396 140 134)
            (395 397 141 135)
            (146 152 150 144)
            (147 153 151 145)
            (152 158 156 150)
            (153 159 157 151)
            (158 164 162 156)
            (159 165 163 157)
            (398 400 158 152)
            (399 401 159 153)
            (164 170 168 162)
            (165 171 169 163)
            (170 176 174 168)
            (171 177 175 169)
            (176 182 180 174)
            (177 183 181 175)
            (402 404 176 170)
            (403 405 177 171)
            (182 188 186 180)
            (183 189 187 181)
            (188 194 192 186)
            (189 195 193 187)
            (194 200 198 192)
            (195 201 199 193)
            (406 408 194 188)
            (407 409 195 189)
            (200 206 204 198)
            (201 207 205 199)
            (206 212 210 204)
            (207 213 211 205)
            (212 218 216 210)
            (213 219 217 211)
            (410 412 212 206)
            (411 413 213 207)
            (218 224 222 216)
            (219 225 223 217)
            (224 230 228 222)
            (225 231 229 223)
            (230 236 234 228)
            (231 237 235 229)
            (414 416 230 224)
            (415 417 231 225)
            (236 242 240 234)
            (237 243 241 235)
            (242 248 246 240)
            (243 249 247 241)
            (248 254 252 246)
            (249 255 253 247)
            (418 420 248 242)
            (419 421 249 243)
            (254 260 258 252)
            (255 261 259 253)
            (260 266 264 258)
            (261 267 265 259)
            (266 272 270 264)
            (267 273 271 265)
            (422 424 266 260)
            (423 425 267 261)
            (272 278 276 270)
            (273 279 277 271)
            (278 284 282 276)
            (279 285 283 277)
            (284 290 288 282)
            (285 291 289 283)
            (426 428 284 278)
            (427 429 285 279)
            (290 296 294 288)
            (291 297 295 289)
            (296 302 300 294)
            (297 303 301 295)
            (302 308 306 300)
            (303 309 307 301)
            (430 432 302 296)
            (431 433 303 297)
            (308 314 312 306)
            (309 315 313 307)
            (314 320 318 312)
            (315 321 319 313)
            (320 326 324 318)
            (321 327 325 319)
            (434 436 320 314)
            (435 437 321 315)
            (326 332 330 324)
            (327 333 331 325)
            (332 338 336 330)
            (333 339 337 331)
            (338 344 342 336)
            (339 345 343 337)
            (438 440 338 332)
            (439 441 339 333)
            (344 350 348 342)
            (345 351 349 343)
            (350 356 354 348)
            (351 357 355 349)
            (356 362 360 354)
            (357 363 361 355)
            (442 444 356 350)
            (443 445 357 351)
            (0 6 10 4)
            (1 7 11 5)
            (6 12 16 10)
            (7 13 17 11)
            (12 18 22 16)
            (13 19 23 17)
            (18 24 28 22)
            (19 25 29 23)
            (24 30 34 28)
            (25 31 35 29)
            (30 36 40 34)
            (31 37 41 35)
            (36 42 46 40)
            (37 43 47 41)
            (42 48 52 46)
            (43 49 53 47)
            (48 54 58 52)
            (49 55 59 53)
            (54 60 64 58)
            (55 61 65 59)
            (60 66 70 64)
            (61 67 71 65)
            (66 72 76 70)
            (67 73 77 71)
            (72 78 82 76)
            (73 79 83 77)
            (78 84 88 82)
            (79 85 89 83)
            (84 90 94 88)
            (85 91 95 89)
            (90 96 100 94)
            (91 97 101 95)
            (96 102 106 100)
            (97 103 107 101)
            (102 108 112 106)
            (103 109 113 107)
            (108 114 118 112)
            (109 115 119 113)
            (114 120 124 118)
            (115 121 125 119)
            (120 126 130 124)
            (121 127 131 125)
            (126 132 136 130)
            (127 133 137 131)
            (132 138 142 136)
            (133 139 143 137)
            (138 144 148 142)
            (139 145 149 143)
            (144 150 154 148)
            (145 151 155 149)
            (150 156 160 154)
            (151 157 161 155)
            (156 162 166 160)
            (157 163 167 161)
            (162 168 172 166)
            (163 169 173 167)
            (168 174 178 172)
            (169 175 179 173)
            (174 180 184 178)
            (175 181 185 179)
            (180 186 190 184)
            (181 187 191 185)
            (186 192 196 190)
            (187 193 197 191)
            (192 198 202 196)
            (193 199 203 197)
            (198 204 208 202)
            (199 205 209 203)
            (204 210 214 208)
            (205 211 215 209)
            (210 216 220 214)
            (211 217 221 215)
            (216 222 226 220)
            (217 223 227 221)
            (222 228 232 226)
            (223 229 233 227)
            (228 234 238 232)
            (229 235 239 233)
            (234 240 244 238)
            (235 241 245 239)
            (240 246 250 244)
            (241 247 251 245)
            (246 252 256 250)
            (247 253 257 251)
            (252 258 262 256)
            (253 259 263 257)
            (258 264 268 262)
            (259 265 269 263)
            (264 270 274 268)
            (265 271 275 269)
            (270 276 280 274)
            (271 277 281 275)
            (276 282 286 280)
            (277 283 287 281)
            (282 288 292 286)
            (283 289 293 287)
            (288 294 298 292)
            (289 295 299 293)
            (294 300 304 298)
            (295 301 305 299)
            (300 306 310 304)
            (301 307 311 305)
            (306 312 316 310)
            (307 313 317 311)
            (312 318 322 316)
            (313 319 323 317)
            (318 324 328 322)
            (319 325 329 323)
            (324 330 334 328)
            (325 331 335 329)
            (330 336 340 334)
            (331 337 341 335)
            (336 342 346 340)
            (337 343 347 341)
            (342 348 352 346)
            (343 349 353 347)
            (348 354 358 352)
            (349 355 359 353)
            (354 360 364 358)
            (355 361 365 359)
        );
    }
);

// ************************************************************************* //
